

Solución:


Y[1]:	42.856247

Y[2]:	33.258034

Y[3]:	33.928123

Y[4]:	63.168747

Y[5]:	56.249107

Y[6]:	52.454910

Y[7]:	78.570984

Y[8]:	76.115631

Y[9]:	69.642639
